[gd_scene load_steps=13 format=3 uid="uid://drsfucdsnnedf"]

[ext_resource type="PackedScene" uid="uid://b6axfn8ojix81" path="res://Characters/enemies/JarMonster/jar_monster_base.tscn" id="1_muvpd"]
[ext_resource type="PackedScene" uid="uid://dj5idvam87twk" path="res://weapons/bullet_emitters/spray_emitter.tscn" id="2_88xn4"]
[ext_resource type="PackedScene" uid="uid://7jlthquhd1g7" path="res://pickups/smg_ammo_pick_up.tscn" id="2_q526g"]
[ext_resource type="PackedScene" uid="uid://udegfcj5o0g2" path="res://weapons/assets/SMG/SMG.fbx" id="2_r6wdg"]
[ext_resource type="PackedScene" uid="uid://da87hs8acoutx" path="res://weapons/bullet_emitters/projectile_emitter.tscn" id="3_7xest"]
[ext_resource type="Animation" uid="uid://fasp4qolouf" path="res://Characters/enemies/JarMonster/animations/die.res" id="3_alve4"]
[ext_resource type="Animation" uid="uid://dd4s4y1gtglyb" path="res://Characters/enemies/JarMonster/animations/idle.res" id="4_70trc"]
[ext_resource type="Animation" uid="uid://2yl0l4ii8dk8" path="res://Characters/enemies/JarMonster/animations/Smg/attack.res" id="5_88xn4"]
[ext_resource type="Animation" uid="uid://b76sfdxxkloby" path="res://Characters/enemies/JarMonster/animations/Smg/walk.res" id="6_7xest"]
[ext_resource type="AudioStream" uid="uid://b0ty6u26eipyj" path="res://SFX/weapons/smgshoot.wav" id="9_7xest"]

[sub_resource type="Animation" id="Animation_q526g"]
length = 0.001
tracks/0/type = "value"
tracks/0/imported = false
tracks/0/enabled = true
tracks/0/path = NodePath("Skeleton3D/Head/HitBox/CollisionShape3D:disabled")
tracks/0/interp = 1
tracks/0/loop_wrap = true
tracks/0/keys = {
"times": PackedFloat32Array(0),
"transitions": PackedFloat32Array(1),
"update": 1,
"values": [false]
}
tracks/1/type = "value"
tracks/1/imported = false
tracks/1/enabled = true
tracks/1/path = NodePath("Skeleton3D/Neck/HitBox/CollisionShape3D:disabled")
tracks/1/interp = 1
tracks/1/loop_wrap = true
tracks/1/keys = {
"times": PackedFloat32Array(0),
"transitions": PackedFloat32Array(1),
"update": 1,
"values": [false]
}
tracks/2/type = "value"
tracks/2/imported = false
tracks/2/enabled = true
tracks/2/path = NodePath("Skeleton3D/Torso/HitBox/CollisionShape3D:disabled")
tracks/2/interp = 1
tracks/2/loop_wrap = true
tracks/2/keys = {
"times": PackedFloat32Array(0),
"transitions": PackedFloat32Array(1),
"update": 1,
"values": [false]
}
tracks/3/type = "value"
tracks/3/imported = false
tracks/3/enabled = true
tracks/3/path = NodePath("Skeleton3D/LArm/HitBox/CollisionShape3D:disabled")
tracks/3/interp = 1
tracks/3/loop_wrap = true
tracks/3/keys = {
"times": PackedFloat32Array(0),
"transitions": PackedFloat32Array(1),
"update": 1,
"values": [false]
}
tracks/4/type = "value"
tracks/4/imported = false
tracks/4/enabled = true
tracks/4/path = NodePath("Skeleton3D/LFArm/HitBox/CollisionShape3D:disabled")
tracks/4/interp = 1
tracks/4/loop_wrap = true
tracks/4/keys = {
"times": PackedFloat32Array(0),
"transitions": PackedFloat32Array(1),
"update": 1,
"values": [false]
}
tracks/5/type = "value"
tracks/5/imported = false
tracks/5/enabled = true
tracks/5/path = NodePath("Skeleton3D/RArm/HitBox/CollisionShape3D:disabled")
tracks/5/interp = 1
tracks/5/loop_wrap = true
tracks/5/keys = {
"times": PackedFloat32Array(0),
"transitions": PackedFloat32Array(1),
"update": 1,
"values": [false]
}
tracks/6/type = "value"
tracks/6/imported = false
tracks/6/enabled = true
tracks/6/path = NodePath("Skeleton3D/RFArm/HitBox/CollisionShape3D:disabled")
tracks/6/interp = 1
tracks/6/loop_wrap = true
tracks/6/keys = {
"times": PackedFloat32Array(0),
"transitions": PackedFloat32Array(1),
"update": 1,
"values": [false]
}
tracks/7/type = "value"
tracks/7/imported = false
tracks/7/enabled = true
tracks/7/path = NodePath("Skeleton3D/LUpLeg/HitBox/CollisionShape3D:disabled")
tracks/7/interp = 1
tracks/7/loop_wrap = true
tracks/7/keys = {
"times": PackedFloat32Array(0),
"transitions": PackedFloat32Array(1),
"update": 1,
"values": [false]
}
tracks/8/type = "value"
tracks/8/imported = false
tracks/8/enabled = true
tracks/8/path = NodePath("Skeleton3D/RUpLeg/HitBox/CollisionShape3D:disabled")
tracks/8/interp = 1
tracks/8/loop_wrap = true
tracks/8/keys = {
"times": PackedFloat32Array(0),
"transitions": PackedFloat32Array(1),
"update": 1,
"values": [false]
}
tracks/9/type = "value"
tracks/9/imported = false
tracks/9/enabled = true
tracks/9/path = NodePath("Skeleton3D/LLeg/HitBox/CollisionShape3D:disabled")
tracks/9/interp = 1
tracks/9/loop_wrap = true
tracks/9/keys = {
"times": PackedFloat32Array(0),
"transitions": PackedFloat32Array(1),
"update": 1,
"values": [false]
}
tracks/10/type = "value"
tracks/10/imported = false
tracks/10/enabled = true
tracks/10/path = NodePath("Skeleton3D/RLeg/HitBox/CollisionShape3D:disabled")
tracks/10/interp = 1
tracks/10/loop_wrap = true
tracks/10/keys = {
"times": PackedFloat32Array(0),
"transitions": PackedFloat32Array(1),
"update": 1,
"values": [false]
}

[sub_resource type="AnimationLibrary" id="AnimationLibrary_m3h6s"]
_data = {
&"RESET": SubResource("Animation_q526g"),
&"attack": ExtResource("5_88xn4"),
&"die": ExtResource("3_alve4"),
&"idle": ExtResource("4_70trc"),
&"walk": ExtResource("6_7xest")
}

[node name="JarMonster_sm" instance=ExtResource("1_muvpd")]

[node name="HealthManager" parent="." index="1"]
pick_up_drop = ExtResource("2_q526g")

[node name="AttackEmitter" parent="." index="3"]
transform = Transform3D(1, 0, 0, 0, 1, 0, 0, 0, 1, 0.145431, 1.48898, -0.463404)

[node name="SprayEmitter" parent="AttackEmitter" index="0" instance=ExtResource("2_88xn4")]
transform = Transform3D(1, 0, 0, 0, 1, 0, 0, 0, 1, 0.000689059, 0.00305438, 0.00374818)
spray_arc = 2.0

[node name="ProjectileEmitter" parent="AttackEmitter/SprayEmitter" index="0" instance=ExtResource("3_7xest")]

[node name="Skeleton3D" parent="Graphics/JarMonster" index="1"]
bones/0/position = Vector3(0.347371, 44.8573, -0.957179)
bones/0/rotation = Quaternion(-0.12237, -0.334554, -0.0260388, 0.934035)
bones/1/rotation = Quaternion(0.00692968, -0.00382811, 0.00217544, 0.999966)
bones/2/rotation = Quaternion(0.142249, -2.86731e-05, -0.00539133, 0.989816)
bones/3/rotation = Quaternion(0.142263, -0.000621286, -0.00533954, 0.989814)
bones/4/rotation = Quaternion(0.0583187, 0.0632022, 0.012214, 0.996221)
bones/5/rotation = Quaternion(-0.0296049, 0.187972, 0.0907321, 0.977526)
bones/7/rotation = Quaternion(-0.373845, -0.246587, 0.641384, -0.622946)
bones/8/rotation = Quaternion(0.421405, -0.1751, 0.220453, 0.862066)
bones/9/rotation = Quaternion(0.0316702, -0.0941226, 0.553348, 0.827009)
bones/10/rotation = Quaternion(-0.193694, -0.687388, -0.209439, 0.667919)
bones/11/rotation = Quaternion(0.212136, -0.00147449, -0.119366, 0.969922)
bones/12/rotation = Quaternion(-0.00550411, 0.18673, 0.134414, 0.973157)
bones/13/rotation = Quaternion(-0.0217016, -0.00687573, 0.158803, 0.987048)
bones/15/rotation = Quaternion(0.308193, -0.0435094, -0.108285, 0.944139)
bones/16/rotation = Quaternion(0.501646, -0.00518479, -0.0251611, 0.864692)
bones/17/rotation = Quaternion(0.20998, 0.00116093, -0.025475, 0.977373)
bones/19/rotation = Quaternion(0.432612, -0.0705189, -0.0923745, 0.894059)
bones/20/rotation = Quaternion(0.538106, -0.00947232, -0.0490313, 0.841397)
bones/21/rotation = Quaternion(0.155615, 0.00245921, -0.0135652, 0.987722)
bones/23/rotation = Quaternion(0.262431, -0.314117, 0.692958, 0.593523)
bones/24/rotation = Quaternion(0.434938, -0.266041, -0.526333, 0.680459)
bones/25/rotation = Quaternion(0.0261576, 0.086357, -0.766236, 0.636192)
bones/26/rotation = Quaternion(-0.215963, 0.249582, 0.119189, 0.93641)
bones/27/rotation = Quaternion(0.335804, -0.0192646, 0.0716193, 0.939007)
bones/28/rotation = Quaternion(-0.0904921, -0.162578, 0.0522894, 0.981145)
bones/29/rotation = Quaternion(-0.190201, -0.0330479, 0.400802, 0.895594)
bones/31/rotation = Quaternion(0.0956357, 0.0162513, 0.100859, 0.99016)
bones/32/rotation = Quaternion(0.280516, 0.00168368, 0.0083923, 0.959811)
bones/33/rotation = Quaternion(0.253102, -0.00182185, 0.0106971, 0.967379)
bones/35/rotation = Quaternion(0.444705, 0.0721559, 0.13063, 0.883157)
bones/36/rotation = Quaternion(0.823475, 0.0120475, 0.0153072, 0.567019)
bones/37/rotation = Quaternion(0.166733, -0.00348294, 0.000918378, 0.985996)
bones/39/rotation = Quaternion(0.395912, 0.0367342, 0.904776, -0.152592)
bones/40/rotation = Quaternion(-0.214978, -0.00139287, -0.034683, 0.976002)
bones/41/rotation = Quaternion(0.473569, -0.0528902, 0.0641231, 0.876826)
bones/42/rotation = Quaternion(0.306976, -0.00525601, 0.00165402, 0.951701)
bones/44/rotation = Quaternion(0.0427128, -0.0693399, 0.994658, 0.0634212)
bones/45/rotation = Quaternion(-0.307468, 0.00458313, 0.0420142, 0.95062)
bones/46/rotation = Quaternion(0.646954, 0.196252, -0.0714625, 0.733369)
bones/47/rotation = Quaternion(0.309078, 0.00688616, -0.00212609, 0.95101)

[node name="Head" parent="Graphics/JarMonster/Skeleton3D" index="0"]
transform = Transform3D(0.881559, -0.445114, -0.157248, 0.391001, 0.875114, -0.285119, 0.264521, 0.189865, 0.945505, -2.89513, 78.4069, 1.67902)

[node name="Neck" parent="Graphics/JarMonster/Skeleton3D" index="1"]
transform = Transform3D(0.831716, -0.304905, -0.463985, 0.0887122, 0.89795, -0.431063, 0.548068, 0.317361, 0.773888, -0.0226065, 73.023, -1.8087)

[node name="Torso" parent="Graphics/JarMonster/Skeleton3D" index="2"]
transform = Transform3D(0.770906, -0.223172, -0.596572, 0.0178478, 0.94381, -0.330007, 0.636698, 0.243757, 0.731572, 1.93698, 64.7358, -3.94904)

[node name="LArm" parent="Graphics/JarMonster/Skeleton3D" index="3"]
transform = Transform3D(0.553452, -0.168755, -0.815606, -0.756594, -0.511285, -0.407619, -0.348219, 0.84268, -0.41065, 6.95374, 71.3111, 4.18793)

[node name="LFArm" parent="Graphics/JarMonster/Skeleton3D" index="4"]
transform = Transform3D(-0.104289, -0.532684, -0.839864, -0.822509, 0.520934, -0.22827, 0.55911, 0.66699, -0.492465, 4.8924, 65.0657, 14.4813)

[node name="RArm" parent="Graphics/JarMonster/Skeleton3D" index="5"]
transform = Transform3D(0.437929, -0.594886, 0.67404, 0.268397, -0.629051, -0.72956, 0.85801, 0.500406, -0.115814, -6.19741, 71.5591, -8.7262)

[node name="RFArm" parent="Graphics/JarMonster/Skeleton3D" index="6"]
transform = Transform3D(0.393378, 0.466632, 0.792155, 0.669091, 0.445617, -0.594763, -0.630533, 0.76399, -0.136923, -13.4667, 63.8724, -2.61144)

[node name="RHand" parent="Graphics/JarMonster/Skeleton3D" index="7"]
transform = Transform3D(-0.0240005, 0.00636482, 0.999692, 0.92678, 0.375078, 0.019862, -0.374836, 0.926971, -0.0149008, -6.67215, 70.3609, 8.51286)

[node name="LUpLeg" parent="Graphics/JarMonster/Skeleton3D" index="8"]
transform = Transform3D(-0.978175, 0.146006, 0.147837, -0.0815599, -0.924198, 0.373104, 0.191106, 0.352903, 0.915936, 3.34527, 41.9834, 3.01713)

[node name="RUpLeg" parent="Graphics/JarMonster/Skeleton3D" index="9"]
transform = Transform3D(-0.80804, -0.14858, -0.570083, 0.106697, -0.98858, 0.106418, -0.579385, 0.0251639, 0.814666, -3.92363, 41.6405, -3.04849)

[node name="LLeg" parent="Graphics/JarMonster/Skeleton3D" index="10"]
transform = Transform3D(-0.983009, 0.00332601, 0.183528, -0.0127692, -0.998653, -0.0502958, 0.183114, -0.0517847, 0.981727, 6.6855, 20.8402, 11.0906)

[node name="RLeg" parent="Graphics/JarMonster/Skeleton3D" index="11"]
transform = Transform3D(-0.796907, 0.279894, -0.535349, 0.0264588, -0.869168, -0.493808, -0.603522, -0.407684, 0.685241, -7.32263, 19.0252, -2.47282)

[node name="BoneAttachment3D" type="BoneAttachment3D" parent="Graphics/JarMonster/Skeleton3D" index="12"]
transform = Transform3D(-0.0240005, 0.00636482, 0.999692, 0.92678, 0.375078, 0.019862, -0.374836, 0.926971, -0.0149008, -6.67215, 70.3609, 8.51286)
bone_name = "mixamorig_RightHand"
bone_idx = 26

[node name="SMG" parent="Graphics/JarMonster/Skeleton3D/BoneAttachment3D" index="0" instance=ExtResource("2_r6wdg")]
transform = Transform3D(0.0281784, 1.36698, 0.616912, 0.0396463, 0.616126, -1.36705, -1.49921, 0.0419861, -0.0245555, -1.17847, 4.50788, 1.39469)

[node name="AnimationPlayer" parent="Graphics/JarMonster" index="2"]
libraries = {
&"": SubResource("AnimationLibrary_m3h6s")
}

[node name="AttackSound" parent="." index="7"]
stream = ExtResource("9_7xest")

[editable path="Graphics/JarMonster/Skeleton3D/Head/HitBox"]
[editable path="Graphics/JarMonster/Skeleton3D/Neck/HitBox"]
[editable path="Graphics/JarMonster/Skeleton3D/Torso/HitBox"]
[editable path="Graphics/JarMonster/Skeleton3D/LArm/HitBox"]
[editable path="Graphics/JarMonster/Skeleton3D/LFArm/HitBox"]
[editable path="Graphics/JarMonster/Skeleton3D/RArm/HitBox"]
[editable path="Graphics/JarMonster/Skeleton3D/RFArm/HitBox"]
[editable path="Graphics/JarMonster/Skeleton3D/LUpLeg/HitBox"]
[editable path="Graphics/JarMonster/Skeleton3D/RUpLeg/HitBox"]
[editable path="Graphics/JarMonster/Skeleton3D/LLeg/HitBox"]
[editable path="Graphics/JarMonster/Skeleton3D/RLeg/HitBox"]
