[gd_scene load_steps=12 format=3 uid="uid://f6vc2wewkyfq"]

[ext_resource type="PackedScene" uid="uid://b6axfn8ojix81" path="res://Characters/enemies/JarMonster/jar_monster_base.tscn" id="1_atu2l"]
[ext_resource type="PackedScene" uid="uid://sjays8d1atk5" path="res://weapons/bullet_emitters/burst_emitter.tscn" id="2_14l07"]
[ext_resource type="PackedScene" uid="uid://d4dwth8pgb87a" path="res://pickups/shotgun_ammo_pick_up.tscn" id="2_edpwl"]
[ext_resource type="PackedScene" uid="uid://b7yomtyia4oio" path="res://weapons/assets/Shotgun/DoubleBarrel.glb" id="2_mfjdq"]
[ext_resource type="PackedScene" uid="uid://da87hs8acoutx" path="res://weapons/bullet_emitters/projectile_emitter.tscn" id="2_umjjg"]
[ext_resource type="PackedScene" uid="uid://dj5idvam87twk" path="res://weapons/bullet_emitters/spray_emitter.tscn" id="3_edpwl"]
[ext_resource type="Animation" uid="uid://fasp4qolouf" path="res://Characters/enemies/JarMonster/animations/die.res" id="3_umjjg"]
[ext_resource type="Animation" uid="uid://dd4s4y1gtglyb" path="res://Characters/enemies/JarMonster/animations/idle.res" id="4_8nb16"]
[ext_resource type="Animation" uid="uid://4f3g0s2w3no7" path="res://Characters/enemies/JarMonster/animations/Shotgun/attack.res" id="5_umjjg"]
[ext_resource type="Animation" uid="uid://b2pfavk3wrja5" path="res://Characters/enemies/JarMonster/animations/Shotgun/walk.res" id="6_8nb16"]

[sub_resource type="AnimationLibrary" id="AnimationLibrary_14l07"]
_data = {
&"attack": ExtResource("5_umjjg"),
&"die": ExtResource("3_umjjg"),
&"idle": ExtResource("4_8nb16"),
&"walk": ExtResource("6_8nb16")
}

[node name="JarMonster_shotgun" instance=ExtResource("1_atu2l")]
attack_range = 15.0
damage = 12
attack_speed_modifier = 1.5

[node name="AICharacterMover" parent="." index="0"]
max_speed = 8.0
move_accel = 5.0

[node name="HealthManager" parent="." index="1"]
pick_up_drop = ExtResource("2_edpwl")

[node name="HurtSound" parent="HealthManager" index="1"]
stream = null

[node name="AttackEmitter" parent="." index="3"]
transform = Transform3D(1, 0, 0, 0, 1, 0, 0, 0, 1, 0.226453, 1.31506, -0.803871)

[node name="BurstEmitter" parent="AttackEmitter" index="0" instance=ExtResource("2_14l07")]
burst_count = 3

[node name="SprayEmitter" parent="AttackEmitter/BurstEmitter" index="0" instance=ExtResource("3_edpwl")]
spray_arc = 7.5

[node name="ProjectileEmitter" parent="AttackEmitter/BurstEmitter/SprayEmitter" index="0" instance=ExtResource("2_umjjg")]

[node name="Skeleton3D" parent="Graphics/JarMonster" index="1"]
bones/0/position = Vector3(0.0280553, 43.8222, -0.130962)
bones/0/rotation = Quaternion(-0.0832174, -0.405242, -0.0636467, 0.908187)
bones/1/rotation = Quaternion(-0.0365021, -0.00226648, 0.00979844, 0.999283)
bones/2/rotation = Quaternion(0.0176325, -0.00271539, 0.0128685, 0.999758)
bones/3/rotation = Quaternion(0.0176219, -0.00235745, 0.0129187, 0.999758)
bones/4/rotation = Quaternion(0.161656, 0.0337535, 0.0502049, 0.984991)
bones/5/rotation = Quaternion(0.134754, 0.297446, -0.0546688, 0.943599)
bones/7/rotation = Quaternion(-0.580849, -0.416407, 0.551015, -0.430815)
bones/8/rotation = Quaternion(0.215456, -0.276769, 0.349317, 0.868882)
bones/9/rotation = Quaternion(0.0262119, -0.100481, 0.457975, 0.882879)
bones/10/rotation = Quaternion(-0.245183, -0.667711, 0.0815362, 0.69814)
bones/11/rotation = Quaternion(0.0789698, -0.175296, -0.0249674, 0.981026)
bones/12/rotation = Quaternion(-0.00417335, 0.0164456, 0.12169, 0.992423)
bones/13/rotation = Quaternion(-0.026419, -0.0195624, 0.0565776, 0.997857)
bones/15/rotation = Quaternion(0.353884, -0.0363367, -0.115574, 0.92741)
bones/16/rotation = Quaternion(0.504252, -0.00521501, -0.0343416, 0.862858)
bones/17/rotation = Quaternion(0.261226, 0.00180488, -0.0320449, 0.964744)
bones/19/rotation = Quaternion(0.35325, -0.0413505, -0.0987795, 0.92938)
bones/20/rotation = Quaternion(0.50439, -0.00885578, -0.0575607, 0.86151)
bones/21/rotation = Quaternion(0.261218, 0.00502496, -0.0221391, 0.965013)
bones/23/rotation = Quaternion(0.539834, -0.453321, 0.562456, 0.432114)
bones/24/rotation = Quaternion(0.194329, -0.100754, -0.660411, 0.718291)
bones/25/rotation = Quaternion(0.0254203, 0.0897128, -0.744646, 0.660915)
bones/26/rotation = Quaternion(-0.230998, 0.407878, 0.178899, 0.865026)
bones/27/rotation = Quaternion(0.439376, -0.374663, 0.00546216, 0.816423)
bones/28/rotation = Quaternion(0.168827, -0.133955, 0.21894, 0.95164)
bones/29/rotation = Quaternion(0.0829422, -0.0174451, 0.110688, 0.990234)
bones/31/rotation = Quaternion(0.552597, 0.0789215, 0.12497, 0.820238)
bones/32/rotation = Quaternion(0.712317, 0.00610338, 0.0307284, 0.701159)
bones/33/rotation = Quaternion(0.386132, -0.00379976, 0.0246449, 0.922106)
bones/35/rotation = Quaternion(0.551052, 0.088857, 0.112707, 0.822036)
bones/36/rotation = Quaternion(0.712242, 0.00989926, 0.0493145, 0.70013)
bones/37/rotation = Quaternion(0.386077, -0.00834357, 0.0143461, 0.922317)
bones/39/rotation = Quaternion(0.271765, 0.0136594, 0.915972, -0.294877)
bones/40/rotation = Quaternion(-0.271644, 0.00493758, -0.0845531, 0.958664)
bones/41/rotation = Quaternion(0.533334, -0.0970759, -0.0391944, 0.839402)
bones/42/rotation = Quaternion(0.305938, -0.00507869, 0.00162121, 0.952037)
bones/44/rotation = Quaternion(-0.0957047, -0.0267493, 0.985696, 0.136123)
bones/45/rotation = Quaternion(-0.256862, -0.10038, -0.0390052, 0.960429)
bones/46/rotation = Quaternion(0.596064, 0.109955, 0.0961495, 0.78954)
bones/47/rotation = Quaternion(0.37324, 0.0169587, -0.00444435, 0.927569)

[node name="Head" parent="Graphics/JarMonster/Skeleton3D" index="0"]
transform = Transform3D(0.978958, -0.178559, -0.0987765, 0.14106, 0.941937, -0.304724, 0.147453, 0.284379, 0.947305, 3.45429, 78.6229, -3.6635)

[node name="Neck" parent="Graphics/JarMonster/Skeleton3D" index="1"]
transform = Transform3D(0.713154, -0.165198, -0.681264, 0.121382, 0.986257, -0.11209, 0.690418, -0.00275576, 0.723405, 5.74619, 72.0913, -4.88255)

[node name="Torso" parent="Graphics/JarMonster/Skeleton3D" index="2"]
transform = Transform3D(0.666112, 0.137231, -0.733119, 0.0244406, 0.978384, 0.205348, 0.745451, -0.154703, 0.648359, 4.54122, 63.5004, -3.52417)

[node name="LArm" parent="Graphics/JarMonster/Skeleton3D" index="3"]
transform = Transform3D(0.546794, -0.23241, -0.804364, -0.83653, -0.19196, -0.513195, -0.0351343, 0.953487, -0.29938, 11.2759, 69.5507, 2.34378)

[node name="LFArm" parent="Graphics/JarMonster/Skeleton3D" index="4"]
transform = Transform3D(-0.0423634, -0.542855, -0.838757, -0.726325, 0.593193, -0.347238, 0.686044, 0.5945, -0.419419, 8.43704, 67.206, 13.9906)

[node name="RArm" parent="Graphics/JarMonster/Skeleton3D" index="5"]
transform = Transform3D(0.55732, -0.724812, 0.405021, 0.368478, -0.221225, -0.902931, 0.744056, 0.652462, 0.143784, -0.375868, 69.4111, -11.5524)

[node name="RFArm" parent="Graphics/JarMonster/Skeleton3D" index="6"]
transform = Transform3D(0.577044, 0.590541, 0.564165, 0.311905, 0.479069, -0.820493, -0.754808, 0.649426, 0.0922512, -9.23278, 66.7079, -3.57957)

[node name="RHand" parent="Graphics/JarMonster/Skeleton3D" index="7"]
transform = Transform3D(-0.0251286, 0.0592536, 0.997926, 0.892955, 0.450126, -0.00424179, -0.449444, 0.890997, -0.0642218, -0.634037, 73.6835, 5.8766)

[node name="DoubleBarrel2" parent="Graphics/JarMonster/Skeleton3D/RHand" index="0" instance=ExtResource("2_mfjdq")]
transform = Transform3D(0.644702, 19.2512, 11.6287, -1.83835, 11.6397, -19.1674, -22.4155, -0.400907, 1.90642, -2.53218, 9.27205, -0.424664)

[node name="LUpLeg" parent="Graphics/JarMonster/Skeleton3D" index="8"]
transform = Transform3D(-0.914632, 0.310295, -0.259163, -0.38584, -0.86139, 0.330357, -0.120732, 0.40215, 0.907579, 2.28566, 40.5151, 3.9931)

[node name="RUpLeg" parent="Graphics/JarMonster/Skeleton3D" index="9"]
transform = Transform3D(-0.445062, -0.29349, -0.84604, 0.276187, -0.943699, 0.182079, -0.851845, -0.152628, 0.501063, -3.9164, 40.9482, -3.15484)

[node name="LLeg" parent="Graphics/JarMonster/Skeleton3D" index="10"]
transform = Transform3D(-0.962097, 0.249438, -0.110225, -0.2263, -0.9558, -0.187709, -0.152175, -0.15565, 0.97602, 9.3844, 20.8087, 13.1933)

[node name="RLeg" parent="Graphics/JarMonster/Skeleton3D" index="11"]
transform = Transform3D(-0.607967, 0.100642, -0.787558, 0.330578, -0.869777, -0.366343, -0.721869, -0.483073, 0.495526, -10.6305, 19.3596, -6.64646)

[node name="AnimationPlayer" parent="Graphics/JarMonster" index="2"]
libraries = {
&"": SubResource("AnimationLibrary_14l07")
}

[editable path="Graphics/JarMonster/Skeleton3D/Head/HitBox"]
[editable path="Graphics/JarMonster/Skeleton3D/Neck/HitBox"]
[editable path="Graphics/JarMonster/Skeleton3D/Torso/HitBox"]
[editable path="Graphics/JarMonster/Skeleton3D/LArm/HitBox"]
[editable path="Graphics/JarMonster/Skeleton3D/LFArm/HitBox"]
[editable path="Graphics/JarMonster/Skeleton3D/RArm/HitBox"]
[editable path="Graphics/JarMonster/Skeleton3D/RFArm/HitBox"]
[editable path="Graphics/JarMonster/Skeleton3D/LUpLeg/HitBox"]
[editable path="Graphics/JarMonster/Skeleton3D/RUpLeg/HitBox"]
[editable path="Graphics/JarMonster/Skeleton3D/LLeg/HitBox"]
[editable path="Graphics/JarMonster/Skeleton3D/RLeg/HitBox"]
