[gd_scene load_steps=12 format=3 uid="uid://f6vc2wewkyfq"]

[ext_resource type="PackedScene" uid="uid://b6axfn8ojix81" path="res://Characters/enemies/JarMonster/jar_monster_base.tscn" id="1_atu2l"]
[ext_resource type="PackedScene" uid="uid://sjays8d1atk5" path="res://weapons/bullet_emitters/burst_emitter.tscn" id="2_14l07"]
[ext_resource type="PackedScene" uid="uid://d4dwth8pgb87a" path="res://pickups/shotgun_ammo_pick_up.tscn" id="2_edpwl"]
[ext_resource type="PackedScene" uid="uid://b7yomtyia4oio" path="res://weapons/assets/Shotgun/DoubleBarrel.glb" id="2_mfjdq"]
[ext_resource type="PackedScene" uid="uid://da87hs8acoutx" path="res://weapons/bullet_emitters/projectile_emitter.tscn" id="2_umjjg"]
[ext_resource type="PackedScene" uid="uid://dj5idvam87twk" path="res://weapons/bullet_emitters/spray_emitter.tscn" id="3_edpwl"]
[ext_resource type="Animation" uid="uid://fasp4qolouf" path="res://Characters/enemies/JarMonster/animations/die.res" id="3_umjjg"]
[ext_resource type="Animation" uid="uid://dd4s4y1gtglyb" path="res://Characters/enemies/JarMonster/animations/idle.res" id="4_8nb16"]
[ext_resource type="Animation" uid="uid://4f3g0s2w3no7" path="res://Characters/enemies/JarMonster/animations/Shotgun/attack.res" id="5_umjjg"]
[ext_resource type="Animation" uid="uid://b2pfavk3wrja5" path="res://Characters/enemies/JarMonster/animations/Shotgun/walk.res" id="6_8nb16"]

[sub_resource type="AnimationLibrary" id="AnimationLibrary_14l07"]
_data = {
&"attack": ExtResource("5_umjjg"),
&"die": ExtResource("3_umjjg"),
&"idle": ExtResource("4_8nb16"),
&"walk": ExtResource("6_8nb16")
}

[node name="JarMonster_shotgun" instance=ExtResource("1_atu2l")]
attack_range = 15.0
damage = 12
attack_speed_modifier = 1.5

[node name="AICharacterMover" parent="." index="0"]
max_speed = 8.0
move_accel = 5.0

[node name="HealthManager" parent="." index="1"]
pick_up_drop = ExtResource("2_edpwl")

[node name="HurtSound" parent="HealthManager" index="1"]
stream = null

[node name="AttackEmitter" parent="." index="3"]
transform = Transform3D(1, 0, 0, 0, 1, 0, 0, 0, 1, 0.226453, 1.31506, -0.803871)

[node name="BurstEmitter" parent="AttackEmitter" index="0" instance=ExtResource("2_14l07")]
burst_count = 3

[node name="SprayEmitter" parent="AttackEmitter/BurstEmitter" index="0" instance=ExtResource("3_edpwl")]
spray_arc = 7.5

[node name="ProjectileEmitter" parent="AttackEmitter/BurstEmitter/SprayEmitter" index="0" instance=ExtResource("2_umjjg")]

[node name="Skeleton3D" parent="Graphics/JarMonster" index="1"]
bones/0/position = Vector3(0.143597, 40.0049, -0.399309)
bones/0/rotation = Quaternion(0.0947124, -0.124365, -0.0193889, 0.987516)
bones/1/rotation = Quaternion(0.0184049, -0.0269849, 0.0344291, 0.998873)
bones/2/rotation = Quaternion(0.0296299, -0.00867323, 0.00904404, 0.999482)
bones/3/rotation = Quaternion(0.0296223, -0.00871188, 0.008975, 0.999483)
bones/4/rotation = Quaternion(0.102281, 0.0297695, 0.0149175, 0.994198)
bones/5/rotation = Quaternion(-0.0159206, 0.139729, 0.10216, 0.984777)
bones/7/rotation = Quaternion(-0.553578, -0.450874, 0.448293, -0.537864)
bones/8/rotation = Quaternion(0.203263, -0.379141, 0.53353, 0.728204)
bones/9/rotation = Quaternion(0.015269, -0.111749, 0.266779, 0.957135)
bones/10/rotation = Quaternion(-0.0661153, -0.837393, -0.108004, 0.53173)
bones/11/rotation = Quaternion(0.212637, 1.28336e-05, -0.118689, 0.969896)
bones/12/rotation = Quaternion(-0.00567748, 0.186155, 0.136057, 0.973038)
bones/13/rotation = Quaternion(-0.0221223, -0.00765919, 0.1594, 0.986936)
bones/15/rotation = Quaternion(0.308161, -0.0437158, -0.108354, 0.944132)
bones/16/rotation = Quaternion(0.501646, -0.00518477, -0.0251611, 0.864692)
bones/17/rotation = Quaternion(0.20998, 0.00116097, -0.0254749, 0.977373)
bones/19/rotation = Quaternion(0.432577, -0.0707168, -0.0924732, 0.89405)
bones/20/rotation = Quaternion(0.538106, -0.00947247, -0.0490311, 0.841397)
bones/21/rotation = Quaternion(0.155615, 0.00245914, -0.0135652, 0.987722)
bones/23/rotation = Quaternion(0.575912, -0.424005, 0.537644, 0.446637)
bones/24/rotation = Quaternion(0.398886, 0.0281505, -0.511483, 0.760581)
bones/25/rotation = Quaternion(0.0273864, 0.0885404, -0.802228, 0.589781)
bones/26/rotation = Quaternion(-0.184491, -0.00408812, 0.218432, 0.958245)
bones/27/rotation = Quaternion(0.336942, -0.0171389, 0.085091, 0.937516)
bones/28/rotation = Quaternion(-0.096979, -0.197437, 0.038577, 0.974744)
bones/29/rotation = Quaternion(-0.183658, -0.0380111, 0.40058, 0.896862)
bones/31/rotation = Quaternion(0.113746, 0.0205545, 0.10129, 0.988119)
bones/32/rotation = Quaternion(0.283876, 0.00171713, 0.00835577, 0.958823)
bones/33/rotation = Quaternion(0.257544, -0.00188721, 0.0106515, 0.966206)
bones/35/rotation = Quaternion(0.439701, 0.0706443, 0.131905, 0.885592)
bones/36/rotation = Quaternion(0.821904, 0.012016, 0.015399, 0.569292)
bones/37/rotation = Quaternion(0.163699, -0.00341557, 0.00094546, 0.986504)
bones/39/rotation = Quaternion(0.0711555, 0.280404, 0.957151, -0.0131208)
bones/40/rotation = Quaternion(-0.775198, -0.0426858, 0.00163595, 0.630273)
bones/41/rotation = Quaternion(0.677655, -0.10784, 0.145642, 0.712701)
bones/42/rotation = Quaternion(0.333368, -0.00937194, 0.00262148, 0.942747)
bones/44/rotation = Quaternion(0.0346065, 0.223944, 0.972074, -0.0610217)
bones/45/rotation = Quaternion(-0.560383, 0.0414651, -0.0363347, 0.826396)
bones/46/rotation = Quaternion(0.764417, 0.195158, -0.0557761, 0.611939)
bones/47/rotation = Quaternion(0.37324, 0.0169587, -0.00444435, 0.927569)

[node name="Head" parent="Graphics/JarMonster/Skeleton3D" index="0"]
transform = Transform3D(0.912919, -0.407382, 0.0248728, 0.379039, 0.82365, -0.421819, 0.151355, 0.394514, 0.906339, -3.80705, 73.2484, 10.7343)

[node name="Neck" parent="Graphics/JarMonster/Skeleton3D" index="1"]
transform = Transform3D(0.948761, -0.217556, -0.229177, 0.0722218, 0.85535, -0.512991, 0.307631, 0.470155, 0.827235, -1.93179, 68.2951, 6.11371)

[node name="Torso" parent="Graphics/JarMonster/Skeleton3D" index="2"]
transform = Transform3D(0.93752, -0.132582, -0.32168, 0.019968, 0.94353, -0.330686, 0.347357, 0.303602, 0.887225, -0.767631, 60.0103, 3.4479)

[node name="LArm" parent="Graphics/JarMonster/Skeleton3D" index="3"]
transform = Transform3D(0.705236, -0.173419, -0.687436, -0.707283, -0.238989, -0.665308, -0.0489123, 0.955411, -0.2912, 6.4639, 67.0355, 9.87581)

[node name="LFArm" parent="Graphics/JarMonster/Skeleton3D" index="4"]
transform = Transform3D(0.346611, -0.490321, -0.799654, -0.857916, 0.178978, -0.481608, 0.379263, 0.852967, -0.358619, 4.34558, 64.1162, 21.5462)

[node name="RArm" parent="Graphics/JarMonster/Skeleton3D" index="5"]
transform = Transform3D(0.388923, -0.142312, 0.910212, 0.448735, -0.83361, -0.322074, 0.804596, 0.533706, -0.26035, -10.1756, 65.5817, 2.40231)

[node name="RFArm" parent="Graphics/JarMonster/Skeleton3D" index="6"]
transform = Transform3D(-0.118853, 0.311091, 0.942919, 0.696687, 0.702766, -0.144043, -0.707461, 0.639799, -0.300259, -11.9146, 55.3954, 8.92399)

[node name="RHand" parent="Graphics/JarMonster/Skeleton3D" index="7"]
transform = Transform3D(-0.0454177, -0.0252724, 0.998648, 0.935917, 0.348454, 0.051383, -0.349281, 0.936985, 0.00782683, -7.38485, 65.6282, 18.24)

[node name="DoubleBarrel2" parent="Graphics/JarMonster/Skeleton3D/RHand" index="0" instance=ExtResource("2_mfjdq")]
transform = Transform3D(0.644702, 19.2512, 11.6287, -1.83835, 11.6397, -19.1674, -22.4155, -0.400907, 1.90642, -2.53218, 9.27205, -0.424664)

[node name="LUpLeg" parent="Graphics/JarMonster/Skeleton3D" index="8"]
transform = Transform3D(-0.99375, -0.0828035, -0.0748601, 0.0495507, -0.928159, 0.368872, -0.100026, 0.362857, 0.926461, 4.58154, 36.4669, 0.510884)

[node name="RUpLeg" parent="Graphics/JarMonster/Skeleton3D" index="9"]
transform = Transform3D(-0.98389, 0.00925098, -0.178533, -0.0572065, -0.962442, 0.265393, -0.169373, 0.271331, 0.947466, -4.56266, 37.0735, -1.88949)

[node name="LLeg" parent="Graphics/JarMonster/Skeleton3D" index="10"]
transform = Transform3D(-0.999613, 0.0261601, -0.00952578, 0.00494281, -0.16996, -0.985439, -0.0273982, -0.985104, 0.169765, 2.68721, 15.233, 8.81211)

[node name="RLeg" parent="Graphics/JarMonster/Skeleton3D" index="11"]
transform = Transform3D(-0.97393, 0.155949, -0.164745, 0.0382861, -0.602813, -0.796964, -0.223596, -0.782494, 0.581127, -4.35103, 15.0561, 4.31763)

[node name="AnimationPlayer" parent="Graphics/JarMonster" index="2"]
libraries = {
&"": SubResource("AnimationLibrary_14l07")
}

[editable path="Graphics/JarMonster/Skeleton3D/Head/HitBox"]
[editable path="Graphics/JarMonster/Skeleton3D/Neck/HitBox"]
[editable path="Graphics/JarMonster/Skeleton3D/Torso/HitBox"]
[editable path="Graphics/JarMonster/Skeleton3D/LArm/HitBox"]
[editable path="Graphics/JarMonster/Skeleton3D/LFArm/HitBox"]
[editable path="Graphics/JarMonster/Skeleton3D/RArm/HitBox"]
[editable path="Graphics/JarMonster/Skeleton3D/RFArm/HitBox"]
[editable path="Graphics/JarMonster/Skeleton3D/LUpLeg/HitBox"]
[editable path="Graphics/JarMonster/Skeleton3D/RUpLeg/HitBox"]
[editable path="Graphics/JarMonster/Skeleton3D/LLeg/HitBox"]
[editable path="Graphics/JarMonster/Skeleton3D/RLeg/HitBox"]
